#pragma once

#include <tinympc/types.hpp>

tinytype rho_value = 5.0;

tinytype Adyn_data[NSTATES*NSTATES] = {
  1.0000000,	0.0000000,	0.0000000,	0.0000000,	0.0039240,	-0.0000000,	0.0200000,	0.0000000,	0.0000000,	0.0000000,	0.0000131,	-0.0000000,	
  0.0000000,	1.0000000,	0.0000000,	-0.0039240,	0.0000000,	-0.0000000,	0.0000000,	0.0200000,	0.0000000,	-0.0000131,	0.0000000,	-0.0000000,	
  0.0000000,	0.0000000,	1.0000000,	0.0000000,	0.0000000,	0.0000000,	0.0000000,	0.0000000,	0.0200000,	0.0000000,	0.0000000,	0.0000000,	
  0.0000000,	0.0000000,	0.0000000,	1.0000000,	0.0000000,	0.0000000,	0.0000000,	0.0000000,	0.0000000,	0.0100000,	-0.0000000,	0.0000000,	
  0.0000000,	0.0000000,	0.0000000,	-0.0000000,	1.0000000,	-0.0000000,	0.0000000,	0.0000000,	0.0000000,	0.0000000,	0.0100000,	-0.0000000,	
  0.0000000,	0.0000000,	0.0000000,	-0.0000000,	0.0000000,	1.0000000,	0.0000000,	0.0000000,	0.0000000,	-0.0000000,	0.0000000,	0.0100000,	
  0.0000000,	0.0000000,	0.0000000,	0.0000000,	0.3924000,	-0.0000000,	1.0000000,	0.0000000,	0.0000000,	0.0000000,	0.0019620,	-0.0000000,	
  0.0000000,	0.0000000,	0.0000000,	-0.3924000,	0.0000000,	-0.0000000,	0.0000000,	1.0000000,	0.0000000,	-0.0019620,	0.0000000,	-0.0000000,	
  0.0000000,	0.0000000,	0.0000000,	0.0000000,	0.0000000,	0.0000000,	0.0000000,	0.0000000,	1.0000000,	0.0000000,	0.0000000,	0.0000000,	
  0.0000000,	0.0000000,	0.0000000,	0.0000000,	0.0000000,	0.0000000,	0.0000000,	0.0000000,	0.0000000,	1.0000000,	-0.0000000,	0.0000000,	
  0.0000000,	0.0000000,	0.0000000,	0.0000000,	0.0000000,	0.0000000,	0.0000000,	0.0000000,	0.0000000,	0.0000000,	1.0000000,	-0.0000000,	
  0.0000000,	0.0000000,	0.0000000,	0.0000000,	0.0000000,	0.0000000,	0.0000000,	0.0000000,	0.0000000,	-0.0000000,	0.0000000,	1.0000000	
};

tinytype Bdyn_data[NSTATES*NINPUTS] = {
  -0.0000181,	0.0000199,	0.0000182,	-0.0000200,	
  0.0000180,	0.0000198,	-0.0000180,	-0.0000198,	
  0.0008409,	0.0008409,	0.0008409,	0.0008409,	
  -0.0275355,	-0.0303234,	0.0275663,	0.0302926,	
  -0.0276707,	0.0304278,	0.0277570,	-0.0305141,	
  0.0019748,	-0.0007224,	-0.0027844,	0.0015320,	
  -0.0036193,	0.0039800,	0.0036306,	-0.0039912,	
  0.0036016,	0.0039663,	-0.0036057,	-0.0039623,	
  0.0840857,	0.0840857,	0.0840857,	0.0840857,	
  -5.5070921,	-6.0646807,	5.5132527,	6.0585201,	
  -5.5341404,	6.0855684,	5.5513900,	-6.1028180,	
  0.3949542,	-0.1444728,	-0.5568752,	0.3063938	
};

tinytype Kinf_data[NINPUTS*NSTATES] = {
  -0.2251828,	0.1871729,	1.5252138,	-0.7975737,	-1.0194299,	-2.9957558,	-0.1657853,	0.1346253,	0.6170763,	-0.0637325,	-0.0869110,	-0.6217573,	
  0.2111653,	0.1209492,	1.5252138,	-0.4394381,	0.9626932,	3.0020157,	0.1558903,	0.0821486,	0.6170763,	-0.0281998,	0.0826650,	0.6224111,	
  0.0946821,	-0.1350045,	1.5252138,	0.4963026,	0.2659493,	-3.0153845,	0.0593380,	-0.0920683,	0.6170763,	0.0324542,	0.0086943,	-0.6237213,	
  -0.0806646,	-0.1731176,	1.5252138,	0.7407092,	-0.2092126,	3.0091245,	-0.0494429,	-0.1247055,	0.6170763,	0.0594781,	-0.0044483,	0.6230675	
};

tinytype Pinf_data[NSTATES*NSTATES] = {
  3695.0060180,	-0.7586849,	0.0000000,	3.1569746,	2930.7149999,	49.1566758,	1038.4019891,	-0.5501383,	0.0000000,	0.2178876,	14.6743836,	7.5803761,	
  -0.7586849,	3693.6135819,	-0.0000000,	-2924.8570393,	-3.1570690,	-19.6574479,	-0.5501461,	1037.3859642,	-0.0000000,	-14.2703514,	-0.2178967,	-3.0314167,	
  -0.0000000,	0.0000000,	2124.0632716,	0.0000000,	-0.0000000,	-0.0000000,	-0.0000000,	-0.0000000,	183.4398227,	-0.0000000,	-0.0000000,	-0.0000000,	
  3.1569746,	-2924.8570393,	-0.0000000,	10951.2027518,	15.2681700,	102.5088085,	2.4257221,	-1999.1077868,	0.0000000,	54.7952715,	1.2038871,	17.4308699,	
  2930.7149999,	-3.1570690,	0.0000000,	15.2681700,	10980.2301087,	256.3186160,	2003.6618230,	-2.4257577,	0.0000000,	1.2038773,	57.1085697,	43.5835432,	
  49.1566758,	-19.6574479,	-0.0000000,	102.5088085,	256.3186160,	8386.6262754,	38.8144006,	-15.5222475,	-0.0000000,	8.7692619,	21.9262218,	376.5398447,	
  1038.4019891,	-0.5501461,	0.0000000,	2.4257221,	2003.6618230,	38.8144006,	575.6748277,	-0.4083801,	0.0000000,	0.1744696,	10.1856558,	6.1738307,	
  -0.5501383,	1037.3859642,	-0.0000000,	-1999.1077868,	-2.4257577,	-15.5222475,	-0.4083801,	574.9141745,	-0.0000000,	-9.8569337,	-0.1744739,	-2.4690423,	
  0.0000000,	0.0000000,	183.4398227,	0.0000000,	-0.0000000,	-0.0000000,	0.0000000,	-0.0000000,	76.8823237,	-0.0000000,	-0.0000000,	-0.0000000,	
  0.2178876,	-14.2703514,	-0.0000000,	54.7952715,	1.2038773,	8.7692619,	0.1744696,	-9.8569337,	-0.0000000,	7.4233415,	0.1204217,	1.7989497,	
  14.6743836,	-0.2178967,	0.0000000,	1.2038871,	57.1085697,	21.9262218,	10.1856558,	-0.1744739,	0.0000000,	0.1204217,	7.6602975,	4.4977607,	
  7.5803761,	-3.0314167,	-0.0000000,	17.4308699,	43.5835432,	376.5398447,	6.1738307,	-2.4690423,	-0.0000000,	1.7989497,	4.4977607,	80.6312779	
};

tinytype Quu_inv_data[NINPUTS*NINPUTS] = {
  0.0451310,	-0.0002879,	0.0440159,	-0.0002389,	
  -0.0002879,	0.0449711,	-0.0001613,	0.0440982,	
  0.0440159,	-0.0001613,	0.0448647,	-0.0000992,	
  -0.0002389,	0.0440982,	-0.0000992,	0.0448600	
};

tinytype AmBKt_data[NSTATES*NSTATES] = {
  0.9999884,	-0.0000000,	-0.0000000,	0.0000362,	-0.0177458,	0.0009844,	-0.0023211,	-0.0000047,	-0.0000000,	0.0072491,	-3.5491523,	0.1968858,	
  -0.0000000,	0.9999884,	0.0000000,	0.0177872,	-0.0000362,	-0.0003929,	-0.0000047,	-0.0023266,	0.0000000,	3.5574470,	-0.0072458,	-0.0785894,	
  0.0000000,	0.0000000,	0.9948701,	-0.0000000,	0.0000000,	0.0000000,	0.0000000,	0.0000000,	-0.5129948,	-0.0000000,	0.0000000,	0.0000000,	
  0.0000001,	-0.0038773,	0.0000000,	0.9285940,	0.0001279,	0.0015047,	0.0000167,	-0.3830601,	0.0000000,	-14.2812068,	0.0255896,	0.3009482,	
  0.0038774,	-0.0000001,	0.0000000,	0.0001280,	0.9287331,	0.0037696,	0.3830783,	-0.0000167,	0.0000000,	0.0256055,	-14.2533780,	0.7539131,	
  0.0000008,	-0.0000003,	0.0000000,	0.0005105,	0.0012790,	0.9950786,	0.0001673,	-0.0000668,	0.0000000,	0.1020990,	0.2558096,	-0.9842739,	
  0.0199918,	-0.0000000,	-0.0000000,	0.0000242,	-0.0124865,	0.0006810,	0.9983668,	-0.0000032,	-0.0000000,	0.0048357,	-2.4973092,	0.1361923,	
  -0.0000000,	0.0199918,	-0.0000000,	0.0125136,	-0.0000242,	-0.0002718,	-0.0000032,	0.9983632,	-0.0000000,	2.5027255,	-0.0048332,	-0.0543642,	
  0.0000000,	0.0000000,	0.0179245,	-0.0000000,	0.0000000,	0.0000000,	0.0000000,	0.0000000,	0.7924508,	-0.0000000,	0.0000000,	0.0000000,	
  0.0000000,	-0.0000096,	-0.0000000,	0.0046936,	0.0000086,	0.0001047,	0.0000011,	-0.0012679,	-0.0000000,	-0.0612817,	0.0017251,	0.0209466,	
  0.0000096,	-0.0000000,	0.0000000,	0.0000086,	0.0047027,	0.0002624,	0.0012691,	-0.0000011,	0.0000000,	0.0017263,	-0.0594533,	0.0524732,	
  0.0000001,	-0.0000000,	0.0000000,	0.0000726,	0.0001819,	0.0089862,	0.0000238,	-0.0000095,	0.0000000,	0.0145163,	0.0363702,	0.7972482	
};

tinytype coeff_d2p_data[NSTATES*NINPUTS] = {
  0.0000000,	-0.0000000,	-0.0000000,	0.0000000,	
  0.0000000,	0.0000000,	-0.0000000,	-0.0000000,	
  -0.0000000,	-0.0000000,	0.0000000,	0.0000000,	
  -0.0000000,	-0.0000000,	0.0000000,	0.0000000,	
  -0.0000000,	0.0000000,	0.0000000,	-0.0000000,	
  -0.0000000,	-0.0000000,	0.0000000,	-0.0000000,	
  0.0000000,	-0.0000000,	-0.0000000,	0.0000000,	
  0.0000000,	0.0000000,	-0.0000000,	-0.0000000,	
  -0.0000000,	-0.0000000,	0.0000000,	0.0000000,	
  0.0000000,	0.0000000,	0.0000000,	-0.0000000,	
  0.0000000,	-0.0000000,	0.0000000,	-0.0000000,	
  0.0000000,	-0.0000000,	-0.0000000,	-0.0000000	
};

tinytype Q_data[NSTATES]= {100.0000000,	100.0000000,	100.0000000,	4.0000000,	4.0000000,	400.0000000,	4.0000000,	4.0000000,	4.0000000,	2.0408163,	2.0408163,	4.0000000};

tinytype Qf_data[NSTATES]= {100.0000000,	100.0000000,	100.0000000,	4.0000000,	4.0000000,	400.0000000,	4.0000000,	4.0000000,	4.0000000,	2.0408163,	2.0408163,	4.0000000};

tinytype R_data[NINPUTS]= {4.0000000,	4.0000000,	4.0000000,	4.0000000};

