#include <tinympc/tinympc.hpp>

tinytype rho = 5.0;

tinytype Adyn = {
  1.0000000,	0.0000000,	0.0000000,	0.0000000,	0.0245250,	0.0000000,	0.0500000,	0.0000000,	0.0000000,	0.0000000,	0.0002044,	0.0000000,	
  0.0000000,	1.0000000,	0.0000000,	-0.0245250,	0.0000000,	0.0000000,	0.0000000,	0.0500000,	0.0000000,	-0.0002044,	0.0000000,	0.0000000,	
  0.0000000,	0.0000000,	1.0000000,	0.0000000,	0.0000000,	0.0000000,	0.0000000,	0.0000000,	0.0500000,	0.0000000,	0.0000000,	0.0000000,	
  0.0000000,	0.0000000,	0.0000000,	1.0000000,	0.0000000,	0.0000000,	0.0000000,	0.0000000,	0.0000000,	0.0250000,	0.0000000,	0.0000000,	
  0.0000000,	0.0000000,	0.0000000,	0.0000000,	1.0000000,	0.0000000,	0.0000000,	0.0000000,	0.0000000,	0.0000000,	0.0250000,	0.0000000,	
  0.0000000,	0.0000000,	0.0000000,	0.0000000,	0.0000000,	1.0000000,	0.0000000,	0.0000000,	0.0000000,	0.0000000,	0.0000000,	0.0250000,	
  0.0000000,	0.0000000,	0.0000000,	0.0000000,	0.9810000,	0.0000000,	1.0000000,	0.0000000,	0.0000000,	0.0000000,	0.0122625,	0.0000000,	
  0.0000000,	0.0000000,	0.0000000,	-0.9810000,	0.0000000,	0.0000000,	0.0000000,	1.0000000,	0.0000000,	-0.0122625,	0.0000000,	0.0000000,	
  0.0000000,	0.0000000,	0.0000000,	0.0000000,	0.0000000,	0.0000000,	0.0000000,	0.0000000,	1.0000000,	0.0000000,	0.0000000,	0.0000000,	
  0.0000000,	0.0000000,	0.0000000,	0.0000000,	0.0000000,	0.0000000,	0.0000000,	0.0000000,	0.0000000,	1.0000000,	0.0000000,	0.0000000,	
  0.0000000,	0.0000000,	0.0000000,	0.0000000,	0.0000000,	0.0000000,	0.0000000,	0.0000000,	0.0000000,	0.0000000,	1.0000000,	0.0000000,	
  0.0000000,	0.0000000,	0.0000000,	0.0000000,	0.0000000,	0.0000000,	0.0000000,	0.0000000,	0.0000000,	0.0000000,	0.0000000,	1.0000000	
};

tinytype Bdyn = {
  -0.0007069,	0.0007773,	0.0007091,	-0.0007795,	
  0.0007034,	0.0007747,	-0.0007042,	-0.0007739,	
  0.0052554,	0.0052554,	0.0052554,	0.0052554,	
  -0.1720966,	-0.1895213,	0.1722891,	0.1893288,	
  -0.1729419,	0.1901740,	0.1734809,	-0.1907131,	
  0.0123423,	-0.0045148,	-0.0174024,	0.0095748,	
  -0.0565520,	0.0621869,	0.0567283,	-0.0623632,	
  0.0562756,	0.0619735,	-0.0563386,	-0.0619105,	
  0.2102143,	0.2102143,	0.2102143,	0.2102143,	
  -13.7677303,	-15.1617018,	13.7831318,	15.1463003,	
  -13.8353509,	15.2139209,	13.8784751,	-15.2570451,	
  0.9873856,	-0.3611820,	-1.3921880,	0.7659845	
};

tinytype Kinf = {
  -0.1852065,	0.1355136,	1.6807582,	-0.4614738,	-0.6871064,	-3.3847256,	-0.1187926,	0.0838440,	0.5593606,	-0.0365172,	-0.0585723,	-0.5709046,	
  0.1762544,	0.0592930,	1.6807582,	-0.1304874,	0.6594589,	3.3868718,	0.1134613,	0.0313645,	0.5593606,	-0.0050036,	0.0566071,	0.5707956,	
  0.0170606,	-0.0682763,	1.6807582,	0.1582041,	-0.0712056,	-3.3907802,	0.0009335,	-0.0367121,	0.5593606,	0.0069725,	-0.0152974,	-0.5703875,	
  -0.0081085,	-0.1265303,	1.6807582,	0.4337572,	0.0988531,	3.3886340,	0.0043978,	-0.0784964,	0.5593606,	0.0345483,	0.0172626,	0.5704965	
};

tinytype Pinf = {
  1183.5968937,	-0.4039415,	0.0000000,	1.1788792,	707.8156048,	21.6509655,	280.6648179,	-0.2405890,	-0.0000000,	0.0684225,	7.9179950,	2.3668793,	
  -0.4039415,	1182.8048157,	0.0000000,	-705.4907144,	-1.1789108,	-8.6589674,	-0.2405922,	280.1914145,	0.0000000,	-7.7830973,	-0.0684252,	-0.9466253,	
  -0.0000000,	-0.0000000,	665.6050242,	0.0000000,	0.0000000,	0.0000000,	0.0000000,	-0.0000000,	54.1173865,	0.0000000,	0.0000000,	0.0000000,	
  1.1788792,	-705.4907144,	-0.0000000,	1761.5810520,	4.2125743,	32.9226917,	0.7619479,	-382.5890350,	-0.0000000,	20.6376122,	0.2913995,	4.1906340,	
  707.8156048,	-1.1789108,	-0.0000000,	4.2125743,	1769.9972164,	82.3147860,	384.1015904,	-0.7619574,	-0.0000000,	0.2913974,	21.2231131,	10.4772335,	
  21.6509655,	-8.6589674,	-0.0000000,	32.9226917,	82.3147860,	2692.6083116,	14.2856460,	-5.7135091,	-0.0000000,	2.4602362,	6.1510025,	112.9772239,	
  280.6648179,	-0.2405922,	0.0000000,	0.7619479,	384.1015904,	14.2856460,	125.0428651,	-0.1483332,	-0.0000000,	0.0468892,	4.4308372,	1.6474929,	
  -0.2405890,	280.1914145,	0.0000000,	-382.5890350,	-0.7619574,	-5.7135091,	-0.1483332,	124.7495919,	0.0000000,	-4.3375532,	-0.0468902,	-0.6589321,	
  -0.0000000,	-0.0000000,	54.1173865,	0.0000000,	0.0000000,	0.0000000,	0.0000000,	-0.0000000,	18.6574675,	0.0000000,	0.0000000,	0.0000000,	
  0.0684225,	-7.7830973,	-0.0000000,	20.6376122,	0.2913974,	2.4602362,	0.0468892,	-4.3375532,	-0.0000000,	2.2977067,	0.0267434,	0.3987794,	
  7.9179950,	-0.0684252,	0.0000000,	0.2913995,	21.2231131,	6.1510025,	4.4308372,	-0.0468902,	-0.0000000,	0.0267434,	2.3520546,	0.9969715,	
  2.3668793,	-0.9466253,	-0.0000000,	4.1906340,	10.4772335,	112.9772239,	1.6474929,	-0.6589321,	-0.0000000,	0.3987794,	0.9969715,	19.6153585	
};

tinytype Quu_inv = {
  0.0574171,	-0.0006557,	0.0568175,	-0.0005810,	
  -0.0006557,	0.0572725,	-0.0004713,	0.0568523,	
  0.0568175,	-0.0004713,	0.0570425,	-0.0003908,	
  -0.0005810,	0.0568523,	-0.0003908,	0.0571173	
};

tinytype AmBKt = {
  0.9997136,	-0.0000005,	0.0000000,	0.0001264,	-0.0700551,	0.0034562,	-0.0229080,	-0.0000413,	0.0000000,	0.0101102,	-5.6044046,	0.2764927,	
  -0.0000005,	0.9997127,	-0.0000000,	0.0702778,	-0.0001264,	-0.0013815,	-0.0000413,	-0.0229808,	-0.0000000,	5.6222227,	-0.0101081,	-0.1105218,	
  -0.0000000,	-0.0000000,	0.9646681,	0.0000000,	0.0000000,	0.0000000,	-0.0000000,	0.0000000,	-1.4132775,	-0.0000000,	0.0000000,	0.0000000,	
  0.0000012,	-0.0236522,	0.0000000,	0.7864722,	0.0002849,	0.0037065,	0.0000932,	-0.9111764,	0.0000000,	-17.0822220,	0.0227936,	0.2965215,	
  0.0236542,	-0.0000012,	0.0000000,	0.0002850,	0.7869640,	0.0092722,	0.9113372,	-0.0000932,	0.0000000,	0.0228011,	-17.0428836,	0.7417722,	
  0.0000206,	-0.0000082,	0.0000000,	0.0020132,	0.0050367,	0.9656133,	0.0016470,	-0.0006583,	0.0000000,	0.1610533,	0.4029342,	-2.7509383,	
  0.0498306,	-0.0000003,	-0.0000000,	0.0000660,	-0.0414448,	0.0019526,	0.9864475,	-0.0000216,	-0.0000000,	0.0052835,	-3.3155854,	0.1562052,	
  -0.0000003,	0.0498301,	-0.0000000,	0.0415602,	-0.0000660,	-0.0007805,	-0.0000216,	0.9864098,	-0.0000000,	3.3248197,	-0.0052822,	-0.0624411,	
  -0.0000000,	-0.0000000,	0.0382414,	0.0000000,	-0.0000000,	0.0000000,	-0.0000000,	0.0000000,	0.5296577,	-0.0000000,	-0.0000000,	0.0000000,	
  0.0000001,	-0.0001432,	0.0000000,	0.0100249,	0.0000154,	0.0002187,	0.0000050,	-0.0073657,	0.0000000,	-0.1980048,	0.0012343,	0.0174929,	
  0.0001433,	-0.0000001,	0.0000000,	0.0000154,	0.0100512,	0.0005470,	0.0073742,	-0.0000050,	0.0000000,	0.0012348,	-0.1959051,	0.0437593,	
  0.0000019,	-0.0000008,	0.0000000,	0.0001873,	0.0004687,	0.0192348,	0.0001533,	-0.0000613,	0.0000000,	0.0149874,	0.0374957,	0.5387859	
};

tinytype coeff_d2p = {
  0.0000000,	-0.0000000,	-0.0000000,	0.0000000,	
  -0.0000000,	-0.0000000,	0.0000000,	0.0000000,	
  0.0000000,	-0.0000000,	-0.0000000,	0.0000000,	
  -0.0000000,	-0.0000000,	0.0000000,	0.0000000,	
  -0.0000000,	0.0000000,	0.0000000,	-0.0000000,	
  0.0000000,	-0.0000000,	-0.0000000,	0.0000000,	
  -0.0000000,	0.0000000,	0.0000000,	-0.0000000,	
  -0.0000000,	-0.0000000,	0.0000000,	0.0000000,	
  -0.0000000,	-0.0000000,	-0.0000000,	-0.0000000,	
  0.0000000,	0.0000000,	-0.0000000,	0.0000000,	
  0.0000000,	-0.0000000,	-0.0000000,	-0.0000000,	
  0.0000000,	-0.0000000,	-0.0000000,	0.0000000	
};